  000022.9988,   000064.4098,  00030.085743,     000071.04,   079.268986
   0026.450079,  0048.3947,    00038.171551,      18.9306141,    61.96982392
  4.73679087,      46.2720266,0015.08285,  00019.61564,026.91247
    89.476763, 96.73714219,     47.30628, 00077.531509,     00065.906
     093.62724,     5.6864251,  0084.9605,00046.9794,016.3325262
      0069.5459, 0000019.982,      93.74275255,     000006.48762,      0020.029328
      0074.1741652,   97.07008512, 000055.74924,      0005.7973,      0000075.907
   000043.8029, 028.2676514,     77.281628,      47.43634977, 010.0102
95.5078932, 000058.06175,    25.9019691,   0067.1997,    27.04351
      041.266096,   0026.145996,      00072.5997,     000015.76446,      000048.4378
  00011.968543,      8.4955058,  009.57666,  000000081.97,011.8677068
    00098.174,     71.7281459,    060.1450334,     0000047.5432,00093.9803
  33.5776996, 0096.7997,   00051.819,     11.63966901,   000033.51238
     097.8142,      083.0807,    0030.350117, 0.7025987604,    7.550169554
  01.766749851,009.27850103,   0019.3147545,      00002.13543, 00052.82799
      050.800344,      0011.6012,00048.4859,     050.6286,     48.92236
 75.32468932,    000081.7581,      0064.6117417,43.965584,   92.34412585
  0035.821636,    93.89632043,      14.88359556,   36.63284761,     40.1505699
0019.83771,014.46506193,0097.0697374, 000038.4967,   70.1488567
      032.10756,      41.9714386,     0010.95568,028.250674,   00063.05209
 33.9394177,   0018.4785,   20.26882282,    0000025.106,    0000067.1361
  00065.482,    026.94518079,     030.196631,      00035.44584, 00097.49474
   0048.2258954,     49.2365005,  000098.554,  0050.6295,00.38776
  0.545287523,    00030.24589,     79.123699,    74.0499806,   33.01656987
      034.8117032,    0074.363,0025.9171,     95.20799593, 0000092.4778
     00000059.792, 0000063.3405,    000032.42387,    97.983835,00079.519089
00048.0575,00073.693, 89.96008147, 11.4319532,0000056.6768
000014.1397,00000.42484,00098.525906,  007.2242,      00054.549452
    0075.2508, 000010.83568,      000051.8396, 076.0297484,0003.89511
     0027.3964,062.66175,   92.587256,  0000011.397,      19.7467826
   0000077.077,    95.0997739,  05.32937,11.93211667,    69.85454645
      0055.491007, 015.776901,  0061.346588,    3.52837194,   000039.80519
  34.012493,   000039.5443,    47.74988306, 075.2293,     000031.37
    0081.9987201,      000098.38591,      00000072.747,      000097.1209,      60.985072
1.812981207,   000058.33886, 065.5544,  14.1398413,  0030.572
  00078.95773,      000009.8494,    098.7235873,   0047.60569, 9.870298718
   0000034.915,00064.6354,   00060.255964,00030.3885,     005.4083894
     00068.4303,  0092.699605,     00001.931658,    61.683028,000032.56006
   44.3094799,94.13664021,     00091.7208,  066.03306948,   61.9182341
 00011.9657,0000037.2632,    000044.896, 0044.0562,      0.041866
 0025.98302,     63.3467413,  9.4815153,53.972628,   000073.252
     16.825921,  00092.17005, 000099.31451,    000025.331,   66.5342356
  0000098.7206, 83.40367416, 00000055.948,     70.03013,  000024.3526
 00000046.942,20.7986528,    81.0740255,   0054.650021,     0081.31608
 0023.8351947,      4.060355297,  0037.0904196,  00031.366966,32.6506504
     61.06696847,     16.84971,   00080.2601,   000046.044,   000055.76253
   000064.7109,    009.4644,6.558977093,    9.53748128,      0013.85982
000016.61,8.28141949, 0039.869725, 87.84538,  057.932558
00086.66872,   00000054.164, 0000092.845,  00006.4799,    37.2449447
      070.20159403,      062.4371,0.1812485579,     91.09080097, 00087.748
    00081.06496,     048.3025,     66.79890774,076.024963,    40.30811682
      0014.936246,     00067.162,      093.21453,   80.067496, 00000077.655
      00.801986,  0000097.157,    038.43670027, 0058.1297503,      072.43376
00033.02772,11.62232233, 0000095.465, 00037.048301,    0041.497
 0000049.8877, 000022.7142,      0058.5283,  15.7249235,   000017.256
     0063.980474,00033.2227,    93.4032607,42.3050948,41.50511713
    095.87178,    005.692152, 63.57537389,00000084.064,  71.8217685
   060.51403465,  33.879246,     0047.0072048,     00000026.602, 037.719934
     0000050.132,      00000095.818,    00000069.854,   83.256075,      00005.555
   072.82448,      70.68702446,    0075.2552,     093.76790352,      92.7412825
     0095.0027,     0063.4575394, 64.84673566,     000057.3549,15.53515439
01.30547095,    28.05720799,     63.05527,     0000071.3382,  0049.07828
    022.38704,     000084.02518,0019.024,    36.47317,  19.73439179
    007.9121746,   0.02149306691,   79.6945108,      00023.364476,      85.144995
  00054.648,   29.272833,     00010.83192,      000019.65367, 0067.89957
    0000095.093, 007.790191,  00064.329,2.08550222,   97.7119863
  00076.82,  98.45655893,   051.1806, 000087.891,047.59657104
   30.63856999, 0030.1977,     0008.93807,002.587782,  60.8154242
    00018.675979,      0030.277,0021.272375,  053.0840327,  065.45823503
 4.09146905, 0099.4774192,8.32622564,0000052.7531,     000080.28169
     084.50661,   000084.2445,    69.2509988,      00000025.198,     69.21258622
    092.70858, 0081.7278,  0089.2559828, 097.55462368,     33.89619499
    57.05752399, 000026.719,  00026.426,     083.4588296,   28.43082246
80.41121534,    0000035.2884,68.93284742,   012.70606,      0029.74705
 000029.313,      0000.8023,  00000092.97,  49.88194518,     90.64738086
      5.890334612,   00004.1254,     000068.62281,     00037.7322,     00000067.759
  000039.01522,   44.725405,95.0025224,      0084.4579299,   42.5739146
      83.32009047,    000013.14466,    13.35089678,   000069.71637, 019.4951236
      81.6121714,   000021.32048,    00086.717275,      00099.817, 48.08741298
      0000041.704,00097.5081,    39.9633774,30.23305272,   00096.778235
61.027047,    00014.915647,     000092.3641,    40.2994048,  0014.8475456
72.34961021,   72.8309035,    0047.5290452,      0094.1397,   0021.54045
00086.18915,      085.1353203,   14.82312876,   00098.31728, 00000073.7
 39.57784596,      00000.79692,   94.175612,  24.1539414,     043.9680034
 57.01319574,1.9375246,      2.27182778,    088.29017654,    1.998717537
  41.50916652, 00083.37707,      0067.9514582,     93.89582054, 0000057.275
     99.31496686,   0000032.8118,     086.6179547, 019.0694,    00046.2021
    89.543921, 00071.635932,071.48070481,      22.39230382,00084.90443
   000042.62696,      97.84156248,    0047.3755309,    000088.22594,     57.352566
      0013.138235, 00031.8194,0057.0653,    0023.8584,  0060.544816
 0034.218352,      60.46728907,  0007.175,      0000054.809,      72.29291847
  5.60162122,69.1973187,   000037.372, 088.7943904,   0000063.114
  13.8847979, 000085.447,      15.27602374,   00089.1859,0089.522312
   69.374371, 0000038.7763,      27.413559,   0094.4736,     00060.038252
38.64197399,     02.26029845,     000000023.4,   64.9692244,   000047.84688
    66.35266,00085.03352,      69.148687,   092.17777744,   022.51215
     33.730661,      0023.063663,      0055.838,  00004.8682,      17.9324775
    000097.22,    43.4387971,000089.73574,   57.1054081,97.68881688
    031.1367,     00034.438766,   0023.199706,0065.8636102,   11.7592142
68.94975539,     00016.94515,   0011.196362,     000072.3986,      000087.52626
