# 
#  Tue April 29, 2014 3:26 PM 
# 
19.416  18.416  15.877  22.285  18.335
6.364  21.084  31.397  32.966  25.957
29.268  20.678  28.185  21.017  23.071
27.398  23.158  23.017  25.514  31.737
5.305  26.099  17.458  38.824  26.801
21.550  31.122  26.023  23.794  24.405
25.241  19.235  22.030  23.615  20.583
23.204  19.250  22.517  29.436  19.796
28.199  11.557  13.610  14.535  38.338
19.459  18.859  15.460  23.987  24.582
21.971  26.391  21.395  21.170  34.935
25.690  22.973  20.248  15.962  16.743
31.852  26.455  26.145  30.208  25.139
31.666  13.614  23.058  20.663  29.273
22.329  29.748  20.801  21.390  4.100
22.365  20.890  20.978  19.955  25.383
30.154  27.104  18.717  25.404  22.919
21.190  25.155  25.688  26.090  20.668
27.317  22.194  22.773  24.891  13.690
16.185  10.653  20.399  22.340  31.428
31.274  31.393  25.754  17.569  25.001
19.640  21.450  27.683  41.849  18.003
25.413  34.539  24.677  23.629  10.906
22.474  32.837  22.325  20.127  18.642
30.068  13.680  11.273  20.972  22.283
30.002  25.589  21.509  27.831  20.979
21.941  18.512  18.668  33.220  25.558
21.643  27.938  24.828  20.500  26.079
26.727  24.306  22.762  33.069  27.963
20.608  14.381  28.999  21.796  25.673
25.220  25.962  23.453  20.758  21.003
19.153  11.972  24.207  29.155  26.050
10.030  36.501  24.880  12.177  27.833
20.817  26.057  22.167  8.476  35.797
31.823  15.556  23.816  30.008  33.334
25.453  23.644  24.117  18.246  26.292
12.781  20.732  27.821  24.816  32.910
29.515  35.599  34.911  33.673  30.543
19.336  29.227  37.184  27.137  28.234
23.082  25.818  17.874  22.995  32.238
35.753  17.226  20.549  30.649  24.923
23.132  30.224  26.069  23.953  26.908
27.991  20.507  31.556  14.845  10.270
27.466  30.074  22.877  29.995  28.566
21.532  7.195  20.416  18.794  24.311
19.810  33.795  20.038  14.904  14.897
22.629  28.117  23.583  27.432  13.918
27.778  30.892  7.438  23.827  26.322
17.535  18.725  32.284  19.260  20.276
11.210  24.949  27.393  24.870  29.417
27.703  19.700  27.329  29.552  27.985
14.841  13.937  15.607  24.179  22.011
13.726  17.836  20.002  15.290  28.190
24.557  22.177  13.077  24.372  7.197
21.320  22.804  27.312  24.868  29.110
10.019  20.199  25.821  21.675  27.675
16.327  26.271  24.644  35.346  18.669
19.964  24.563  25.613  15.866  23.643
26.163  19.660  32.367  14.809  17.411
22.604  22.994  23.506  17.713  32.200
20.153  13.405  26.135  21.741  17.928
32.584  25.489  20.641  31.930  15.443
9.801  28.177  24.397  18.904  22.822
27.402  22.336  23.895  21.352  22.770
22.821  14.673  26.836  13.488  37.000
29.479  18.862  27.267  24.178  20.054
26.306  31.771  26.542  29.504  22.481
22.491  21.177  28.253  38.750  20.131
29.283  23.077  21.219  19.077  21.576
23.207  13.348  30.240  29.351  27.197
33.662  34.727  18.215  11.560  21.043
31.884  27.560  15.333  21.487  25.948
19.419  26.695  21.015  19.196  14.889
15.936  21.612  28.151  30.902  40.415
24.457  32.713  25.862  13.292  26.430
7.366  36.402  20.190  17.235  32.752
16.746  22.844  22.431  11.155  27.748
13.851  24.554  31.880  23.312  28.422
22.101  28.730  21.232  33.386  24.836
24.340  12.506  28.808  25.762  31.674
16.964  35.577  13.461  20.229  31.375
24.374  41.786  44.373  26.142  40.149
21.162  22.182  26.495  21.693  19.522
22.736  19.967  26.518  20.675  31.479
31.589  32.133  25.987  16.629  20.067
21.552  21.751  20.348  25.648  17.548
24.585  14.773  22.070  25.463  19.060
30.620  21.287  16.899  27.946  25.551
18.548  33.809  26.192  23.604  20.478
12.999  24.549  31.693  22.926  20.592
15.965  22.765  13.538  29.849  23.458
27.811  17.736  22.744  22.233  21.693
18.025  19.924  19.829  23.295  17.521
32.046  32.292  14.117  27.604  8.447
30.331  26.181  10.057  22.437  35.904
18.042  21.257  21.076  23.757  19.580
24.346  30.437  20.689  33.559  21.913
19.599  26.937  24.092  16.500  19.993
31.623  8.063  27.371  17.002  28.450
19.905  21.258  9.134  34.530  29.746
