2.2361
9.8489
3.6056
4.0000
5.8310
5.0000
2.2361
3.6056
1.0000
1.4142
3.1623
8.4853
4.4721
3.1623
3.1623
6.7082
3.6056
6.7082
6.7082
3.1623
3.1623
7.0711
6.7082
2.2361
8.0623
1.0000
5.6569
2.8284
5.0000
5.0000
6.4031
1.4142
6.7082
2.2361
10.0499
8.0000
5.0990
3.1623
12.0416
7.2801
3.1623
5.0000
9.8489
2.2361
6.7082
6.0000
6.0828
2.2361
9.4868
9.4868
4.1231
5.0000
3.1623
6.0828
3.1623
3.6056
3.0000
3.0000
3.0000
2.0000
2.8284
3.6056
6.0828
6.3246
2.2361
2.0000
11.0454
5.8310
6.4031
10.6301
2.0000
5.0000
9.4868
6.4031
16.1245
6.7082
3.1623
1.4142
1.0000
2.8284
2.8284
4.4721
1.0000
2.0000
3.6056
5.3852
4.2426
4.1231
3.1623
3.0000
4.4721
5.0000
5.3852
8.4853
7.0000
3.6056
4.1231
3.6056
4.4721
6.4031
3.1623
2.8284
3.1623
7.0711
5.0990
8.2462
2.2361
13.6015
2.0000
3.0000
3.0000
3.6056
2.0000
5.0000
7.2801
3.6056
3.1623
3.1623
8.0000
3.1623
2.2361
7.2801
2.8284
3.6056
10.8167
8.0000
5.0990
7.6158
5.6569
2.0000
2.8284
6.0828
5.0000
7.8102
10.2956
5.0000
5.0990
3.1623
4.0000
7.2801
4.4721
9.2195
3.6056
2.2361
6.4031
2.2361
1.0000
6.7082
8.0623
5.0990
10.1980
3.0000
5.6569
3.6056
6.3246
3.1623
6.0000
5.0000
5.0000
2.2361
5.0000
5.0990
3.6056
4.2426
1.0000
5.3852
3.0000
3.0000
1.0000
2.8284
2.0000
5.0990
5.6569
5.3852
5.0990
8.0623
4.1231
7.2111
5.0000
20.0000
6.3246
9.2195
5.3852
3.1623
4.1231
2.8284
5.6569
2.2361
5.6569
4.4721
5.6569
7.0711
5.0990
3.0000
5.0990
4.1231
6.3246
9.4868
6.3246
11.3137
1.0000
7.0711
10.2956
22.3607
5.0000
5.8310
5.8310
6.4031
21.4709
0.0000
4.4721
2.2361
6.0000
6.7082
5.0000
2.0000
5.3852
1.0000
6.3246
7.2111
6.0828
7.2801
5.0000
2.8284
3.0000
4.1231
2.0000
7.0000
4.1231
2.8284
6.0828
5.3852
2.2361
1.0000
2.2361
2.8284
8.5440
6.7082
1.0000
5.8310
1.0000
9.4868
5.0990
3.1623
5.0000
5.0000
5.3852
2.2361
4.1231
1.0000
2.2361
2.2361
5.3852
5.6569
2.0000
0.0000
2.8284
2.8284
2.2361
8.9443
3.0000
4.4721
3.1623
5.8310
3.6056
12.0830
2.0000
2.2361
3.1623
7.0711
4.4721
2.2361
3.0000
2.2361
6.4031
6.0828
9.0000
3.1623
3.6056
1.0000
4.1231
4.1231
5.3852
5.0990
8.6023
9.2195
5.6569
2.2361
1.0000
3.1623
5.8310
6.7082
3.1623
10.0000
5.3852
1.4142
4.1231
3.1623
7.0711
8.9443
1.0000
8.2462
4.1231
5.0000
3.6056
4.2426
2.8284
4.4721
2.2361
3.1623
3.1623
6.0828
5.8310
4.4721
5.6569
9.4868
7.2111
5.0990
5.8310
4.2426
6.4031
1.0000
6.0828
2.2361
2.2361
5.3852
3.6056
1.4142
7.0000
7.0000
5.0990
4.1231
5.3852
2.0000
6.3246
2.2361
5.0990
2.2361
3.6056
5.6569
8.5440
2.2361
5.3852
13.1529
2.2361
6.0000
3.0000
4.4721
1.0000
8.2462
3.6056
4.4721
5.0000
6.7082
3.0000
6.3246
6.3246
7.2111
6.0828
7.2801
1.4142
3.6056
3.0000
4.1231
8.6023
5.0000
6.3246
4.1231
2.0000
6.0828
5.8310
8.9443
3.1623
7.0711
1.0000
1.4142
2.2361
6.0828
4.1231
2.0000
3.0000
9.2195
6.0000
1.0000
7.8102
4.0000
7.2111
1.0000
2.8284
9.4340
7.2111
4.4721
4.1231
5.0000
4.1231
5.6569
2.8284
1.0000
17.0294
5.0990
5.0990
2.2361
3.6056
4.0000
3.0000
6.4031
8.6023
5.0990
6.3246
5.0990
2.0000
1.0000
5.0000
7.2801
6.0828
5.3852
3.6056
3.1623
3.1623
5.6569
3.1623
2.2361
3.6056
6.3246
5.6569
1.0000
5.0990
5.3852
6.0000
3.1623
5.0000
5.0000
8.0623
7.8102
5.3852
5.3852
7.2111
5.0990
4.4721
3.6056
17.6918
6.7082
5.0000
1.4142
5.0990
5.0000
6.0828
5.0990
7.0711
4.1231
5.0990
6.0828
4.1231
0.0000
5.0000
9.8489
5.3852
1.0000
1.0000
9.8489
5.0990
8.2462
2.0000
12.0830
2.2361
2.0000
7.6158
4.4721
5.0000
7.2801
3.1623
1.0000
3.6056
3.1623
2.2361
7.0000
2.2361
7.0711
7.0711
3.0000
1.0000
7.2111
8.9443
2.0000
3.1623
2.2361
8.0000
2.2361
1.0000
5.0990
10.2956
5.8310
1.4142
4.4721
5.8310
11.0000
1.4142
3.1623
5.8310
3.6056
3.6056
2.8284
2.8284
2.0000
2.0000
3.1623
7.0711
2.2361
5.8310
1.4142
8.4853
6.0000
6.3246
8.2462
1.0000
7.6158
4.4721
4.0000
3.0000
2.2361
3.1623
4.4721
2.2361
7.2801
3.0000
3.0000
2.2361
3.1623
9.4340
4.1231
4.4721
6.3246
7.8102
3.1623
2.2361
4.1231
2.2361
12.7279
1.4142
4.2426
5.0000
5.0990
6.3246
1.4142
21.8403
10.7703
2.2361
8.0623
7.2111
2.2361
5.0990
1.0000
5.0000
8.0623
5.0000
8.9443
8.0000
1.4142
4.1231
3.6056
2.8284
4.1231
1.4142
4.4721
2.8284
2.8284
2.2361
5.3852
4.4721
6.4031
1.0000
8.0623
5.3852
4.2426
4.1231
2.0000
5.0990
1.0000
5.3852
5.3852
1.0000
9.0554
4.0000
4.4721
10.0000
8.2462
5.0000
1.4142
1.0000
6.4031
5.6569
5.0990
1.0000
5.6569
3.1623
2.0000
4.4721
5.0000
8.4853
3.6056
6.7082
2.8284
10.0000
3.1623
2.8284
11.0454
5.3852
5.3852
3.6056
7.0711
4.4721
2.2361
2.8284
5.0990
8.0623
3.6056
5.6569
2.2361
7.0000
4.0000
7.2801
4.1231
2.2361
3.6056
3.6056
5.3852
5.0990
8.6023
2.8284
0.0000
7.2111
2.2361
7.2111
4.4721
7.8102
7.6158
2.8284
3.1623
2.8284
2.2361
16.2788
5.0000
6.4031
2.0000
2.0000
1.0000
5.3852
1.4142
7.2111
2.2361
3.6056
2.2361
1.4142
6.3246
13.6015
20.2485
6.0828
5.0990
5.0000
6.0828
3.6056
5.8310
12.0000
2.0000
3.6056
1.4142
8.2462
6.3246
5.0990
2.2361
5.0990
5.8310
13.4164
7.8102
4.4721
8.2462
7.8102
5.8310
3.0000
2.2361
3.1623
1.0000
3.6056
4.2426
2.8284
5.3852
5.3852
5.0990
7.0711
8.2462
8.0623
5.8310
2.8284
2.2361
6.0828
2.2361
5.0000
8.2462
7.6158
3.1623
9.4340
3.6056
4.2426
4.4721
5.0000
0.0000
1.0000
5.0990
5.0990
5.8310
5.3852
6.4031
9.2195
8.0623
25.0000
8.2462
1.4142
3.6056
7.2801
4.4721
2.0000
2.0000
24.7386
4.4721
8.5440
6.7082
0.0000
5.0000
2.0000
4.0000
1.4142
4.2426
6.7082
4.4721
6.0000
1.4142
2.2361
3.6056
2.2361
5.0000
4.0000
7.6158
3.1623
14.0357
3.1623
1.0000
3.6056
9.2195
2.0000
10.7703
5.6569
7.2801
11.4018
6.0828
2.0000
4.2426
4.0000
2.2361
3.6056
3.6056
2.0000
6.3246
10.8167
7.0711
1.4142
1.0000
4.2426
1.4142
2.2361
5.3852
5.0000
3.1623
5.3852
2.2361
2.8284
2.8284
1.0000
2.2361
2.2361
5.0000
7.8102
3.6056
5.3852
2.2361
4.0000
2.2361
6.0828
6.0828
8.9443
2.0000
6.4031
1.4142
9.4340
6.0828
3.1623
5.6569
7.6158
0.0000
6.0828
2.8284
4.1231
5.0000
1.4142
6.4031
2.0000
1.0000
9.4340
3.6056
3.1623
5.0990
4.1231
4.2426
6.0000
6.4031
5.0990
3.0000
1.0000
3.0000
7.2801
4.2426
7.6158
7.8102
5.0000
11.3137
7.2801
1.0000
5.0990
6.4031
9.8995
5.3852
2.2361
2.2361
2.0000
3.1623
6.4031
3.6056
6.4031
4.0000
10.6301
1.0000
6.3246
4.0000
4.2426
6.4031
2.2361
2.2361
5.0000
5.3852
3.1623
9.4868
3.0000
10.7703
6.3246
3.0000
1.0000
7.0711
3.1623
4.1231
5.0990
2.2361
1.0000
7.0000
5.0000
9.8489
0.0000
3.1623
2.8284
3.1623
5.0990
1.4142
5.8310
9.0000
7.0711
13.1529
13.0384
5.0990
3.1623
5.8310
6.4031
8.4853
5.0000
5.0000
4.4721
3.0000
3.6056
4.4721
6.3246
4.4721
4.4721
6.0828
5.0990
22.0227
3.0000
5.3852
5.3852
5.3852
5.0990
8.0623
5.0000
3.0000
1.4142
5.3852
2.8284
2.0000
12.0416
6.7082
7.2801
7.2801
6.0828
6.4031
4.1231
8.9443
6.0828
4.4721
3.1623
5.0000
2.2361
5.0000
3.1623
4.0000
6.7082
7.8102
1.0000
7.0711
2.2361
2.2361
6.0828
11.6619
7.2801
1.0000
5.0990
3.1623
7.0711
8.0623
2.2361
1.4142
1.4142
7.0711
5.0990
2.8284
4.2426
1.4142
1.0000
7.6158
5.3852
7.6158
5.0990
7.2801
5.3852
3.6056
5.0000
10.0000
3.0000
10.0000
3.6056
4.4721
5.0000
1.4142
5.3852
3.0000
8.6023
4.1231
4.2426
2.0000
4.1231
5.3852
3.6056
10.4403
3.6056
