# Radial Distance traveled by Milk Beads
4.2426
3.1623
3.1623
3.0000
1.4142
1.0000
3.1623
4.1231
2.2361
3.1623
1.0000
2.2361
5.0990
2.2361
6.0000
2.0000
3.6056
3.1623
6.3246
4.4721
2.2361
4.1231
3.1623
1.0000
2.2361
4.0000
2.0000
4.1231
1.0000
2.2361
2.2361
1.4142
2.8284
3.6056
2.0000
3.0000
1.0000
5.0000
4.4721
3.0000
2.2361
1.4142
2.2361
2.2361
1.4142
2.2361
2.2361
1.0000
1.0000
3.1623
3.6056
1.4142
1.0000
2.8284
4.4721
2.0000
4.2426
2.2361
2.2361
3.6056
6.7082
2.2361
3.6056
5.0000
4.0000
6.3246
5.3852
2.8284
2.2361
3.6056
2.2361
3.1623
3.1623
3.6056
1.4142
7.0711
1.4142
2.2361
2.2361
1.0000
1.4142
2.0000
2.2361
1.4142
2.8284
4.4721
1.4142
2.8284
3.6056
2.0000
2.2361
1.0000
2.2361
3.0000
1.4142
2.0000
2.2361
2.0000
3.0000
2.8284
2.0000
3.0000
1.0000
1.4142
1.0000
1.4142
1.4142
3.6056
4.4721
2.2361
1.4142
2.0000
4.1231
2.0000
2.0000
1.0000
1.0000
2.0000
1.4142
1.4142
3.6056
2.2361
1.0000
3.1623
2.2361
1.0000
1.0000
1.0000
1.4142
4.0000
1.4142
2.2361
1.0000
1.0000
1.0000
2.2361
6.0828
2.0000
2.2361
1.0000
1.0000
1.4142
1.0000
1.0000
4.2426
2.8284
3.6056
4.2426
3.0000
2.2361
1.0000
2.2361
1.4142
2.2361
1.4142
1.4142
1.0000
1.0000
1.0000
2.2361
1.4142
1.0000
2.2361
1.4142
1.4142
1.4142
2.2361
2.8284
1.0000
1.0000
1.4142
1.4142
2.0000
1.0000
3.6056
1.4142
2.2361
2.0000
3.0000
1.4142
2.2361
1.4142
1.4142
3.1623
2.8284
3.0000
1.0000
2.2361
